Accuracy: 1.0000

              precision    recall  f1-score   support

           1     1.0000    1.0000    1.0000       157
           2     1.0000    1.0000    1.0000       113
           3     1.0000    1.0000    1.0000        90
           4     1.0000    1.0000    1.0000        59
           5     1.0000    1.0000    1.0000        43

    accuracy                         1.0000       462
   macro avg     1.0000    1.0000    1.0000       462
weighted avg     1.0000    1.0000    1.0000       462


Confusion Matrix:
[[157   0   0   0   0]
 [  0 113   0   0   0]
 [  0   0  90   0   0]
 [  0   0   0  59   0]
 [  0   0   0   0  43]]
